    0.0033
    0.0101
    0.0169
    0.0237
    0.0305
    0.0373
    0.0440
    0.0507
    0.0573
    0.0637
    0.0699
    0.0760
    0.0818
    0.0875
    0.0928
    0.0979
    0.1026
    0.1070
    0.1111
    0.1147
    0.1180
    0.1209
    0.1233
    0.1253
    0.1268
    0.1278
    0.1283
    0.1283
    0.1278
    0.1268
    0.1253
    0.1233
    0.1207
    0.1176
    0.1140
    0.1098
    0.1052
    0.1000
    0.0944
    0.0883
    0.0817
    0.0747
    0.0672
    0.0594
    0.0511
    0.0425
    0.0335
    0.0243
    0.0148
    0.0050
   -0.0050
   -0.0152
   -0.0255
   -0.0360
   -0.0465
   -0.0570
   -0.0676
   -0.0781
   -0.0885
   -0.0988
   -0.1090
   -0.1189
   -0.1286
   -0.1380
   -0.1471
   -0.1558
   -0.1641
   -0.1719
   -0.1792
   -0.1860
   -0.1922
   -0.1979
   -0.2028
   -0.2071
   -0.2107
   -0.2135
   -0.2156
   -0.2168
   -0.2172
   -0.2168
   -0.2155
   -0.2132
   -0.2101
   -0.2060
   -0.2010
   -0.1950
   -0.1880
   -0.1801
   -0.1711
   -0.1612
   -0.1504
   -0.1385
   -0.1257
   -0.1119
   -0.0971
   -0.0815
   -0.0649
   -0.0474
   -0.0291
   -0.0099
    0.0101
    0.0309
    0.0524
    0.0747
    0.0976
    0.1212
    0.1453
    0.1700
    0.1952
    0.2209
    0.2470
    0.2734
    0.3001
    0.3271
    0.3542
    0.3815
    0.4089
    0.4363
    0.4637
    0.4910
    0.5181
    0.5450
    0.5716
    0.5979
    0.6238
    0.6493
    0.6742
    0.6986
    0.7224
    0.7455
    0.7679
    0.7895
    0.8103
    0.8303
    0.8493
    0.8673
    0.8843
    0.9003
    0.9152
    0.9290
    0.9417
    0.9531
    0.9634
    0.9724
    0.9802
    0.9867
    0.9920
    0.9959
    0.9985
    0.9998
    0.9998
    0.9985
    0.9959
    0.9920
    0.9867
    0.9802
    0.9724
    0.9634
    0.9531
    0.9417
    0.9290
    0.9152
    0.9003
    0.8843
    0.8673
    0.8493
    0.8303
    0.8103
    0.7895
    0.7679
    0.7455
    0.7224
    0.6986
    0.6742
    0.6493
    0.6238
    0.5979
    0.5716
    0.5450
    0.5181
    0.4910
    0.4637
    0.4363
    0.4089
    0.3815
    0.3542
    0.3271
    0.3001
    0.2734
    0.2470
    0.2209
    0.1952
    0.1700
    0.1453
    0.1212
    0.0976
    0.0747
    0.0524
    0.0309
    0.0101
   -0.0099
   -0.0291
   -0.0474
   -0.0649
   -0.0815
   -0.0971
   -0.1119
   -0.1257
   -0.1385
   -0.1504
   -0.1612
   -0.1711
   -0.1801
   -0.1880
   -0.1950
   -0.2010
   -0.2060
   -0.2101
   -0.2132
   -0.2155
   -0.2168
   -0.2172
   -0.2168
   -0.2156
   -0.2135
   -0.2107
   -0.2071
   -0.2028
   -0.1979
   -0.1922
   -0.1860
   -0.1792
   -0.1719
   -0.1641
   -0.1558
   -0.1471
   -0.1380
   -0.1286
   -0.1189
   -0.1090
   -0.0988
   -0.0885
   -0.0781
   -0.0676
   -0.0570
   -0.0465
   -0.0360
   -0.0255
   -0.0152
   -0.0050
    0.0050
    0.0148
    0.0243
    0.0335
    0.0425
    0.0511
    0.0594
    0.0672
    0.0747
    0.0817
    0.0883
    0.0944
    0.1000
    0.1052
    0.1098
    0.1140
    0.1176
    0.1207
    0.1233
    0.1253
    0.1268
    0.1278
    0.1283
    0.1283
    0.1278
    0.1268
    0.1253
    0.1233
    0.1209
    0.1180
    0.1147
    0.1111
    0.1070
    0.1026
    0.0979
    0.0928
    0.0875
    0.0818
    0.0760
    0.0699
    0.0637
    0.0573
    0.0507
    0.0440
    0.0373
    0.0305
    0.0237
    0.0169
    0.0101
    0.0033
   -0.0033