    0.0000
    0.0067
    0.0135
    0.0203
    0.0271
    0.0339
    0.0407
    0.0474
    0.0540
    0.0605
    0.0668
    0.0730
    0.0789
    0.0847
    0.0902
    0.0954
    0.1003
    0.1049
    0.1091
    0.1130
    0.1164
    0.1195
    0.1221
    0.1243
    0.1261
    0.1273
    0.1281
    0.1284
    0.1281
    0.1274
    0.1261
    0.1244
    0.1220
    0.1192
    0.1158
    0.1120
    0.1076
    0.1027
    0.0973
    0.0914
    0.0850
    0.0782
    0.0710
    0.0633
    0.0553
    0.0468
    0.0381
    0.0290
    0.0196
    0.0099
   -0.0000
   -0.0101
   -0.0204
   -0.0307
   -0.0412
   -0.0518
   -0.0623
   -0.0729
   -0.0833
   -0.0937
   -0.1039
   -0.1140
   -0.1238
   -0.1334
   -0.1426
   -0.1515
   -0.1600
   -0.1680
   -0.1756
   -0.1827
   -0.1892
   -0.1951
   -0.2004
   -0.2051
   -0.2090
   -0.2122
   -0.2146
   -0.2163
   -0.2171
   -0.2171
   -0.2162
   -0.2145
   -0.2118
   -0.2082
   -0.2036
   -0.1981
   -0.1916
   -0.1842
   -0.1757
   -0.1663
   -0.1559
   -0.1445
   -0.1322
   -0.1189
   -0.1046
   -0.0894
   -0.0733
   -0.0563
   -0.0384
   -0.0196
    0.0000
    0.0204
    0.0416
    0.0635
    0.0860
    0.1093
    0.1332
    0.1576
    0.1826
    0.2080
    0.2339
    0.2601
    0.2867
    0.3136
    0.3406
    0.3679
    0.3952
    0.4226
    0.4500
    0.4774
    0.5046
    0.5316
    0.5583
    0.5848
    0.6109
    0.6366
    0.6618
    0.6865
    0.7106
    0.7341
    0.7568
    0.7788
    0.8000
    0.8204
    0.8399
    0.8584
    0.8759
    0.8925
    0.9079
    0.9223
    0.9355
    0.9475
    0.9584
    0.9681
    0.9765
    0.9836
    0.9895
    0.9941
    0.9974
    0.9993
    1.0000
    0.9993
    0.9974
    0.9941
    0.9895
    0.9836
    0.9765
    0.9681
    0.9584
    0.9475
    0.9355
    0.9223
    0.9079
    0.8925
    0.8759
    0.8584
    0.8399
    0.8204
    0.8000
    0.7788
    0.7568
    0.7341
    0.7106
    0.6865
    0.6618
    0.6366
    0.6109
    0.5848
    0.5583
    0.5316
    0.5046
    0.4774
    0.4500
    0.4226
    0.3952
    0.3679
    0.3406
    0.3136
    0.2867
    0.2601
    0.2339
    0.2080
    0.1826
    0.1576
    0.1332
    0.1093
    0.0860
    0.0635
    0.0416
    0.0204
    0.0000
   -0.0196
   -0.0384
   -0.0563
   -0.0733
   -0.0894
   -0.1046
   -0.1189
   -0.1322
   -0.1445
   -0.1559
   -0.1663
   -0.1757
   -0.1842
   -0.1916
   -0.1981
   -0.2036
   -0.2082
   -0.2118
   -0.2145
   -0.2162
   -0.2171
   -0.2171
   -0.2163
   -0.2146
   -0.2122
   -0.2090
   -0.2051
   -0.2004
   -0.1951
   -0.1892
   -0.1827
   -0.1756
   -0.1680
   -0.1600
   -0.1515
   -0.1426
   -0.1334
   -0.1238
   -0.1140
   -0.1039
   -0.0937
   -0.0833
   -0.0729
   -0.0623
   -0.0518
   -0.0412
   -0.0307
   -0.0204
   -0.0101
   -0.0000
    0.0099
    0.0196
    0.0290
    0.0381
    0.0468
    0.0553
    0.0633
    0.0710
    0.0782
    0.0850
    0.0914
    0.0973
    0.1027
    0.1076
    0.1120
    0.1158
    0.1192
    0.1220
    0.1244
    0.1261
    0.1274
    0.1281
    0.1284
    0.1281
    0.1273
    0.1261
    0.1243
    0.1221
    0.1195
    0.1164
    0.1130
    0.1091
    0.1049
    0.1003
    0.0954
    0.0902
    0.0847
    0.0789
    0.0730
    0.0668
    0.0605
    0.0540
    0.0474
    0.0407
    0.0339
    0.0271
    0.0203
    0.0135
    0.0067
    0.0000